# 50 2 4 5 1 2.5 2 2 0.2
  -1.4648589782   0.2133838038  -0.4171920272   0.1144191565
  -1.3121270992  -0.2831772034   0.4639934909   0.1854297235
  -1.2287442016   0.1999746128  -0.4290315975   0.1342835773
  -1.1369595001   0.0733761874  -0.0423437064   0.2185979429
  -1.0685649931   0.1658649713  -0.2794114151   0.1657105283
  -0.9502375467   0.0487555521  -0.1340996992   0.3094816540
  -0.9222006149   0.0717115733  -0.1735764410   0.1901166582
  -0.8303025396   0.0585859324  -0.0511660386   0.1702812354
  -0.7599504704  -0.0467153257   0.0718223901   0.3818945754
  -0.6929896346   0.0658685521  -0.1019303639   0.2148334413
  -0.5713035525  -0.0097212919   0.0225449295   0.2984280906
  -0.4929823231  -0.0103727307   0.0366939703   0.1582569525
  -0.3624094106  -0.0557080551   0.0527832511   0.1882620065
  -0.3243229231  -0.0240772072   0.0146536164   0.2509230676
  -0.2269253093   0.1507422657  -0.1033366492   0.2134187709
  -0.1824660041  -0.0916060690   0.0911266884   0.1412356395
  -0.1021446277  -0.1088250553   0.0455800905   0.1908200195
  -0.0088995594  -0.0119773016   0.0666496957   0.1935982687
   0.0890445735  -0.0223596372   0.0399906594   0.2730954176
   0.1468442735   0.0013466350  -0.0043709280   0.0863011694
   0.2555003925  -0.0018044309   0.0129873352   0.2185449147
   0.3382718287   0.0313910847  -0.0071561380   0.2528021790
   0.4263841908   0.0087476610  -0.0012760005   0.1472837160
   0.4903247795  -0.0068335865   0.0054388408   0.2487400534
   0.6359124945  -0.0120374943   0.0087597020   0.1989720500
   0.7262261768   0.0071757544   0.0055453342   0.2033217759
   0.8670028582  -0.0029683557  -0.0022706922   0.3985252329
   0.9371091866   0.4492284346   0.3043751927   0.5612607856
   0.9532308286   0.1238442307   0.0807575973   0.1883783642
   1.1291086699   0.0720711660   0.0435460038   0.3380427939
   1.1628305062  -0.4468104621  -0.2614362895   0.5015444845
   1.2713444738  -0.3315573537  -0.1816822298   0.4766993686
   1.3962924693  -0.1228195265  -0.0633684873   0.4940442503
   1.4584583225   0.0083954088  -0.0124167282   0.5171530512
   1.4959722054   0.3440507320   0.1679098979   0.5861636003
   1.6502872367   0.1732860920   0.0855841597   0.5402419090
   1.7649732388  -0.1306812841  -0.0466243023   0.6527099994
   1.8604034613  -0.0403440312  -0.0175683290   0.4153640034
   1.9603214476  -0.1292192810  -0.0552553333   0.7018195487
   2.1339950570  -0.0070157055  -0.0002456912   0.6255303886
   2.1990345617  -0.0563312583  -0.0185082158   0.7184516617
   2.3884390520  -0.0229842209  -0.0079573576   0.5884597173
   2.4497460095  -0.0132658928  -0.0056177316   0.7663840198
   2.5971449454  -0.0168216892  -0.0051829967   0.8337648079
   2.6466520756  -0.0020936353  -0.0007583816   0.6153428349
   2.8148638147   0.0013846986   0.0006046062   0.5734718114
   2.9540290503  -0.0056294907  -0.0016020694   0.8785607418
   3.1314275051   0.0015046674   0.0003605142   0.8191064355
   3.6269613681   0.0003262203   0.0000693925   0.9132489254
   4.4302522341  -0.0000163841  -0.0000029147   0.9466786791
    
    
# 50 2 4 5 1 2.5 2 2 0.2
  -1.4648589782   0.2133838038  -0.4171920272   0.1144191565
  -1.3121270992  -0.2831772034   0.4639934909   0.1854297235
  -1.2287442016   0.1999746128  -0.4290315975   0.1342835773
  -1.1369595001   0.0733761874  -0.0423437064   0.2185979429
  -1.0685649931   0.1658649713  -0.2794114151   0.1657105283
  -0.9502375467   0.0487555521  -0.1340996992   0.3094816540
  -0.9222006149   0.0717115733  -0.1735764410   0.1901166582
  -0.8303025396   0.0585859324  -0.0511660386   0.1702812354
  -0.7599504704  -0.0467153257   0.0718223901   0.3818945754
  -0.6929896346   0.0658685521  -0.1019303639   0.2148334413
  -0.5713035525  -0.0097212919   0.0225449295   0.2984280906
  -0.4929823231  -0.0103727307   0.0366939703   0.1582569525
  -0.3624094106  -0.0557080551   0.0527832511   0.1882620065
  -0.3243229231  -0.0240772072   0.0146536164   0.2509230676
  -0.2269253093   0.1507422657  -0.1033366492   0.2134187709
  -0.1824660041  -0.0916060690   0.0911266884   0.1412356395
  -0.1021446277  -0.1088250553   0.0455800905   0.1908200195
  -0.0088995594  -0.0119773016   0.0666496957   0.1935982687
   0.0890445735  -0.0223596372   0.0399906594   0.2730954176
   0.1468442735   0.0013466350  -0.0043709280   0.0863011694
   0.2555003925  -0.0018044309   0.0129873352   0.2185449147
   0.3382718287   0.0313910847  -0.0071561380   0.2528021790
   0.4263841908   0.0087476610  -0.0012760005   0.1472837160
   0.4903247795  -0.0068335865   0.0054388408   0.2487400534
   0.6359124945  -0.0120374943   0.0087597020   0.1989720500
   0.7262261768   0.0071757544   0.0055453342   0.2033217759
   0.8670028582  -0.0029683557  -0.0022706922   0.3985252329
   0.9371091866   0.4492284346   0.3043751927   0.5612607856
   0.9532308286   0.1238442307   0.0807575973   0.1883783642
   1.1291086699   0.0720711660   0.0435460038   0.3380427939
   1.1628305062  -0.4468104621  -0.2614362895   0.5015444845
   1.2713444738  -0.3315573537  -0.1816822298   0.4766993686
   1.3962924693  -0.1228195265  -0.0633684873   0.4940442503
   1.4584583225   0.0083954088  -0.0124167282   0.5171530512
   1.4959722054   0.3440507320   0.1679098979   0.5861636003
   1.6502872367   0.1732860920   0.0855841597   0.5402419090
   1.7649732388  -0.1306812841  -0.0466243023   0.6527099994
   1.8604034613  -0.0403440312  -0.0175683290   0.4153640034
   1.9603214476  -0.1292192810  -0.0552553333   0.7018195487
   2.1339950570  -0.0070157055  -0.0002456912   0.6255303886
   2.1990345617  -0.0563312583  -0.0185082158   0.7184516617
   2.3884390520  -0.0229842209  -0.0079573576   0.5884597173
   2.4497460095  -0.0132658928  -0.0056177316   0.7663840198
   2.5971449454  -0.0168216892  -0.0051829967   0.8337648079
   2.6466520756  -0.0020936353  -0.0007583816   0.6153428349
   2.8148638147   0.0013846986   0.0006046062   0.5734718114
   2.9540290503  -0.0056294907  -0.0016020694   0.8785607418
   3.1314275051   0.0015046674   0.0003605142   0.8191064355
   3.6269613681   0.0003262203   0.0000693925   0.9132489254
   4.4302522341  -0.0000163841  -0.0000029147   0.9466786791
    
    
